1 5 2 4
1 7 4 9
1 3 1 6
1 2 4 6
2 12 8 5
3 6 8 7
3 11 7 2
3 4 9 9
3 37 8 7
4 8 4 9
5 10 5 8
5 11 2 7
5 6 2 6
6 41 1 6
6 7 1 1
6 8 5 4
6 19 9 1
7 8 8 6
7 19 4 9
7 21 9 4
7 17 9 4
7 13 2 9
7 30 6 1
7 28 4 9
7 26 5 7
7 15 9 2
7 14 1 6
7 36 4 9
7 12 6 8
7 11 7 2
8 16 6 9
8 11 8 4
9 11 7 5
10 14 8 6
11 15 3 6
11 12 5 7
12 26 9 7
12 14 3 9
13 16 5 8
13 17 2 7
13 24 5 7
13 28 1 2
14 15 8 5
14 26 9 9
15 24 9 7
16 19 9 1
16 21 7 2
16 17 7 4
16 26 7 4
17 21 8 1
17 18 2 7
17 25 4 2
17 24 5 8
18 20 7 8
18 31 7 8
18 29 4 9
18 25 8 5
19 38 4 5
19 21 4 5
20 21 8 5
20 23 1 1
20 31 4 9
21 22 5 8
21 40 8 1
23 39 9 4
23 32 9 4
23 31 3 5
24 25 4 3
24 27 2 7
24 28 1 2
25 29 5 5
25 30 5 5
25 27 4 7
26 42 8 8
26 28 5 5
27 30 2 7
27 28 2 7
28 35 5 7
28 30 3 1
29 31 8 6
29 30 6 1
29 33 6 4
29 32 9 4
30 33 8 9
31 32 9 4
32 33 1 1
33 34 4 3