1 2 4 6
1 3 1 6
1 5 2 4
2 12 8 5
3 4 9 9
3 11 7 2
3 6 8 7
4 9 1 5
4 8 4 9
5 22 3 9
5 6 2 6
6 19 9 1
6 8 5 4
7 8 9 6
7 11 7 2
7 13 2 9
7 15 1 5
8 11 8 4
8 16 6 9
9 11 7 5
9 12 3 9
10 12 8 5
10 14 8 6
11 15 3 6
11 12 5 7
12 26 9 7
12 14 3 9
13 17 2 7
13 24 5 7
13 16 5 8
14 15 8 5
14 26 9 9
15 24 9 8
16 19 9 1
16 21 7 2
16 26 7 4
17 21 8 1
17 18 2 7
17 25 4 2
18 20 7 8
18 31 7 8
18 29 4 9
18 25 8 5
19 21 4 5
20 21 8 5
20 22 4 2
20 23 5 4
21 22 5 8
22 23 7 5
23 31 3 5
24 28 8 7
24 25 4 3
24 27 2 7
25 27 6 5
25 30 1 8
26 28 5 5
27 28 2 7
28 30 3 1
29 33 6 8
29 30 8 1
30 33 8 9
31 32 9 4
32 33 2 1