1 5 2 4
1 3 9 6
1 2 2 8
2 16 8 7
2 12 2 1
3 6 7 5
3 11 7 2
3 4 9 8
4 8 6 4
4 9 5 5
5 6 2 6
5 26 8 4
5 17 9 1
5 21 1 1
5 22 9 7
6 8 5 4
7 8 9 6
7 11 7 2
7 15 1 5
8 11 8 4
9 11 7 5
9 12 2 9
10 12 7 8
10 14 8 6
11 15 3 6
11 12 5 7
12 14 5 8
13 21 7 2
13 17 2 7
13 30 1 1
13 24 5 7
14 15 1 9
14 26 9 9
16 19 9 1
16 26 9 8
17 21 8 1
17 20 2 5
17 18 2 7
17 27 1 5
18 29 7 8
18 20 2 5
18 25 9 1
20 21 8 5
20 22 6 9
20 23 9 7
21 22 9 1
22 23 2 9
22 29 1 9
23 29 2 7
24 25 8 6
24 27 2 7
24 28 2 7
25 27 4 3
25 30 1 8
26 28 5 5
27 28 2 7
28 30 3 1
29 30 8 1