1 5 2 4
1 7 4 9
1 3 1 6
1 2 4 6
2 12 8 5
3 6 8 7
3 11 7 2
3 4 9 9
3 37 8 7
4 8 4 9
5 10 5 8
5 11 2 7
5 6 2 6
6 41 1 6
6 7 1 1
6 8 5 4
6 19 9 1
7 8 8 6
7 19 4 9
7 21 9 4
7 17 9 4
7 13 2 9
7 30 6 1
7 28 4 9
7 26 5 7
7 15 9 2
7 14 1 6
7 36 4 9
7 12 6 8
7 11 7 2
8 16 6 9
8 11 8 4
9 11 7 5
10 14 8 6
11 15 3 6
11 12 5 7
12 26 9 7
12 14 3 9
13 16 5 8
13 17 2 7
13 24 5 7
13 28 1 2
14 15 8 5
14 26 9 9
15 24 9 7
16 19 9 1
16 21 7 2
16 17 7 4
16 26 7 4
17 21 8 1
17 18 2 7
17 25 4 2
17 24 5 8
18 20 7 8
18 31 7 8
18 29 4 9
18 25 8 5
19 38 4 5
19 21 4 5
20 21 8 5
20 23 1 1
20 31 4 9
21 22 5 8
21 40 8 1
23 39 9 4
23 32 9 4
23 31 3 5
24 25 4 3
24 27 2 7
24 28 1 2
25 29 5 5
25 30 5 5
25 27 4 7
26 42 8 8
26 28 5 5
27 30 2 7
27 28 2 7
28 35 5 7
28 30 3 1
29 31 8 6
29 30 6 1
29 33 6 4
29 32 9 4
30 33 8 9
30 67 6 4
30 48 8 6
31 32 9 4
32 33 1 1
33 34 4 3
34 49 8 6
35 47 4 2
35 67 9 1
36 44 9 4
42 46 6 8
43 44 5 7
43 50 7 5
43 62 2 4
44 45 9 4
45 51 8 6
45 50 9 8
46 52 6 8
46 51 5 1
47 48 6 8
47 70 2 1
47 53 3 3
48 49 8 9
48 55 6 4
49 56 4 3
50 57 3 5
51 67 4 9
51 57 9 4
51 62 6 8
52 53 6 8
52 66 5 5
52 62 6 8
53 54 2 1
53 67 1 2
54 55 1 2
54 67 7 8
55 76 5 3
56 76 9 8
56 75 3 4
57 59 6 8
57 61 8 9
58 60 5 7
58 62 9 5
59 60 8 8
60 77 6 3
60 78 8 4
61 63 5 5
61 79 5 6
62 63 8 6
63 66 8 6
63 64 7 5
63 65 7 6
64 67 4 9
64 65 7 7
64 80 3 5
64 79 4 9
65 66 2 2
65 68 9 4
65 87 2 2
66 67 1 2
67 75 9 4
67 69 1 2
67 71 8 6
67 68 9 4
67 87 5 7
68 69 9 4
68 81 9 4
69 70 1 1
70 76 2 1
71 72 1 2
71 82 1 1
72 76 1 2
72 73 9 2
73 74 1 2
73 84 5 3
73 83 2 2
74 75 5 5
74 84 2 4
75 76 2 1
77 90 8 1
78 90 8 5
78 89 2 2
79 89 6 6
80 88 6 8
81 82 5 7
81 87 9 4
82 86 9 4
83 86 3 5
83 85 3 5
84 85 7 5
87 88 2 2
