71
1 2 5 2
1 3 8 5
1 34 1 9
1 5 3 7
2 34 8 5
2 12 2 7
3 6 8 7
3 4 9 7
3 11 7 2
4 9 1 5
4 8 9 1
4 19 8 7
5 6 2 6
5 35 9 1
5 22 7 7
6 19 9 1
6 8 5 4
7 13 9 9
7 8 9 1
7 11 7 8
7 15 1 5
8 16 6 9
8 11 8 4
9 11 6 9
9 12 2 6
10 12 4 9
10 14 2 7
11 15 7 9
11 12 1 2
12 26 9 7
12 14 6 7
13 16 5 8
13 17 7 7
13 24 5 7
14 26 9 9
14 15 8 5
15 24 9 8
16 19 9 1
16 26 4 4
16 21 7 2
17 21 8 1
17 12 2 7
17 25 4 2
18 20 7 8
18 31 5 2
18 29 4 9
18 25 8 5
19 21 4 5
20 21 8 5
20 22 4 2
20 23 5 4
21 22 5 8
22 23 7 5
22 36 7 5
23 31 2 2
24 25 4 3
24 27 8 7
24 28 9 7
25 32 3 1
25 30 1 8
25 27 3 3
26 28 5 5
27 28 2 7
27 36 3 1
28 30 3 1
29 30 2 2
29 33 6 8
30 33 8 9
31 32 5 5
32 33 2 1
32 35 8 1
34 36 5 5